zeor
0.000000 1.000000 2.000000
f(0.0000000171) = 0.0000000000
f(0.9999999657) = 0.0000000000
f(2.0000000171) = -0.0000000000
zeor
1.224394 -0.093133 1.868739
f(1.2243943234) = 0.0000000000
f(-0.0931331386) = -0.0000000000
f(1.8687388151) = -0.0000000000
