zeror
0.500000 0.000000 -0.523599
f(0.5000000000) = 0.0000000000
f(0.0000000000) = -0.0000000000
f(-0.5235987756) = 0.0000000000
