zeor
-4.715734 3.846289 1.627917
f(-4.7157341840) = 0.1537914010
f(3.8462887604) = 0.1961764527
f(1.6279165543) = 0.6279221495
zeor
-1.597368 3.821092 -1.623551
f(-1.5973681476) = 0.2198850564
f(3.8210922735) = 0.1851733141
f(-1.6235513418) = -0.6239043518
